0	0.068	0.08	0.09	0.086	0.114
0.068	0	0.086	0.098	0.102	0.134
0.08	0.086	0	0.112	0.12	0.144
0.09	0.098	0.112	0	0.132	0.142
0.086	0.102	0.12	0.132	0	0.14
0.114	0.134	0.144	0.142	0.14	0
